[gd_scene load_steps=6 format=2]

[ext_resource path="res://default_env.tres" type="Environment" id=1]
[ext_resource path="res://MeshInstance2.gd" type="Script" id=2]

[sub_resource type="SpatialMaterial" id=2]
albedo_color = Color( 0.541176, 0.301961, 0.301961, 1 )

[sub_resource type="SphereMesh" id=1]
material = SubResource( 2 )
radius = 3.081
height = 6.587

[sub_resource type="SphereMesh" id=3]

[node name="Spatial" type="Spatial"]

[node name="WorldEnvironment" type="WorldEnvironment" parent="."]
environment = ExtResource( 1 )

[node name="MeshInstance" type="MeshInstance" parent="."]
transform = Transform( 0.971714, 0, -0.23616, 0, 1, 0, 0.23616, 0, 0.971714, -0.544515, 0.765039, 0.225825 )
mesh = SubResource( 1 )

[node name="DirectionalLight" type="DirectionalLight" parent="."]
transform = Transform( -0.363885, 0, 0.931444, 0, 1, 0, -0.931444, 0, -0.363885, 2.058, 1.31811, -0.906246 )
light_energy = 4.67

[node name="CameraHolder" type="Spatial" parent="."]
transform = Transform( 0.91197, 0, -0.410257, 0, 1, 0, 0.410257, 0, 0.91197, 0, 4.4702, 11.5537 )

[node name="Camera" type="Camera" parent="CameraHolder"]
transform = Transform( 0.77955, -0.245135, 0.576378, -0.101454, 0.858659, 0.502406, -0.618069, -0.450126, 0.644498, 4.15264, 11.7415, 9.23101 )

[node name="MeshInstance2" type="MeshInstance" parent="."]
transform = Transform( 1, 0, 0, 0, 1, 0, 0, 0, 1, -8.73293, 0, -14.2802 )
mesh = SubResource( 3 )
script = ExtResource( 2 )

[node name="CheckBox" type="CheckBox" parent="."]
margin_right = 24.0
margin_bottom = 24.0

[node name="RichTextLabel" type="RichTextLabel" parent="."]
modulate = Color( 0, 0, 0, 1 )
margin_left = 6.0
margin_top = 29.0
margin_right = 111.0
margin_bottom = 69.0
text = "Time: 0"
